Size
90000
3000
Rect
-361
1744
127
1770
Rect
247
1744
1005
1770
Rect
1214
1743
1791
1770
Rect
1330
1666
1437
1770
Rect
1591
1604
1707
1770
Rect
1939
1743
2863
1770
Rect
2220
1662
2301
1761
Rect
2397
1626
2478
1761
Rect
2498
1469
2583
1509
Rect
2562
1545
2643
1764
Rect
2996
1743
3422
1770
Rect
3098
1661
3198
1753
Rect
3164
1584
3255
1754
Rect
3236
1524
3344
1762
Rect
3288
1579
3425
1770
Rect
3536
1568
3673
1769
Rect
3623
1494
3748
1769
Rect
3712
1569
3823
1769
Rect
3785
1648
3906
1769
Rect
4014
1648
4135
1769
Rect
4103
1570
4228
1769
Rect
4188
1646
4310
1769
Rect
4275
1707
4498
1769
Rect
4721
1707
5124
1769
Rect
5050
1479
5123
1555
Rect
5138
1368
5211
1444
Rect
5222
1569
5319
1645
Rect
5294
1335
5372
1770
Rect
5294
1335
5460
1393
Rect
5334
1743
5845
1770
Rect
5470
1335
5606
1393
Rect
5537
995
5606
1371
Rect
5844
1743
6051
1770
Rect
6267
1745
6355
1774
Rect
6427
1789
6515
1818
Rect
6588
1725
6710
1748
Rect
6792
1746
6856
1770
Rect
7294
1528
7435
1556
Rect
7425
1546
7507
1628
Rect
7497
1617
7579
1699
Rect
7569
1689
7651
1771
Rect
7828
1841
7868
1873
Rect
7991
1815
8018
1901
Rect
8183
1762
8240
1806
Rect
8384
1676
8411
1710
Rect
8547
1576
8605
1592
Rect
8691
1830
8786
1864
Rect
8910
1702
8966
1731
Rect
9243
1780
9333
1961
Rect
9440
1720
9510
1961
Rect
9608
1660
9658
1961
Rect
9738
1600
9756
1961
Rect
9903
1500
9915
1961
Rect
10130
1580
10160
1961
Rect
10306
1645
10356
1963
Rect
10513
1708
10583
1964
Rect
10742
1765
10832
1969
Rect
11215
1784
11551
1876
Rect
11215
1857
11628
1928
Rect
11215
1907
11933
1969
Rect
11401
1726
11494
1810
Rect
11701
1854
12053
1928
Rect
11777
1784
11985
1876
Rect
11835
1726
11925
1807
Rect
11910
1907
12659
1969
Rect
12119
1851
12551
1928
Rect
12187
1784
12472
1876
Rect
12236
1730
12423
1800
Rect
12284
1674
12374
1754
Rect
12940
1907
13689
1969
Rect
13175
1852
13424
1930
Rect
13273
1811
13424
1881
Rect
13453
1492
14526
1631
Rect
13525
1811
13675
1932
Rect
13631
1907
14776
1969
Rect
13797
1811
13947
1932
Rect
14073
1811
14223
1932
Rect
14318
1811
14468
1932
Rect
14540
1811
14690
1932
Rect
15043
1907
16194
1969
Rect
15237
1629
15281
1830
Rect
15395
1629
15439
1830
Rect
15551
1629
15595
1830
Rect
15703
1629
15747
1830
Rect
15842
1629
15886
1830
Rect
15983
1629
16027
1830
Rect
16136
1629
16180
1830
Rect
16474
1907
17548
1969
Rect
16596
1682
16634
1734
Rect
16596
1840
16634
1916
Rect
16713
1682
16750
1840
Rect
16826
1801
16863
1959
Rect
16826
1667
16864
1719
Rect
16863
1832
16900
1959
Rect
16864
1665
16901
1742
Rect
16992
1682
17029
1840
Rect
17117
1680
17154
1794
Rect
17245
1870
17282
1920
Rect
17245
1680
17282
1768
Rect
17366
1679
17403
1741
Rect
17366
1841
17403
1920
Rect
17403
1841
17440
1920
Rect
17403
1679
17440
1741
Rect
17828
1500
17933
1791
Rect
17828
1803
17933
1866
Rect
18962
1565
19011
1906
Rect
19106
1278
19155
1789
Rect
19247
1728
19296
1905
Rect
19395
1597
19444
1785
Rect
19538
1725
19587
1905
Rect
19823
1872
20328
1906
Rect
19945
1500
19985
1827
Rect
19957
1500
20198
1516
Rect
19962
1804
20197
1827
Rect
19966
1639
20196
1663
Rect
20067
1555
20365
1582
Rect
20068
1721
20320
1746
Rect
20288
1500
20328
1906
Rect
20317
1535
20397
1636
Rect
20377
1618
20446
1719
Rect
20433
1706
20502
1807
Rect
20487
1795
20556
1896
Rect
20506
1851
20614
1896
Rect
23197
1500
23227
1701
Rect
23397
1500
23436
1740
Rect
23418
1700
23534
1740
Rect
26623
1591
26709
1694
Rect
27006
1546
27127
1694
Rect
28952
1667
29723
1729
Rect
30029
1667
31216
1729
Rect
31527
1667
33259
1729
Rect
33670
1599
33716
1647
Rect
33780
1523
33826
1571
Rect
33923
1523
33969
1571
Rect
33931
1291
33977
1339
Rect
34037
1434
34083
1482
Rect
34145
1291
34191
1339
Rect
34324
1434
34370
1482
Rect
34326
1291
34372
1339
Rect
34374
1560
34465
1735
Rect
34425
1624
34530
1735
Rect
34498
1704
34554
1735
Rect
34732
1476
35361
1521
Rect
35490
1571
35580
1634
Rect
36016
1318
36072
1560
Rect
36071
1387
36730
1433
Rect
36958
1739
37641
1771
Rect
37795
1639
37844
1915
Rect
37795
1372
37844
1511
Rect
37940
1721
38031
1915
Rect
38125
1701
38174
1915
Rect
38125
1413
38174
1576
Rect
38197
1740
38376
1915
Rect
38442
1657
38491
1915
Rect
38442
1429
38491
1549
Rect
38641
1844
39563
1915
Rect
38642
1759
38712
1845
Rect
38711
1807
38784
1846
Rect
39725
1787
40820
1915
Rect
39886
1720
39943
1801
Rect
40080
1694
40146
1803
Rect
41604
1788
41920
1915
Rect
41821
1625
42105
1667
Rect
42312
1625
42596
1667
Rect
42952
1625
43246
1667
Rect
43336
1771
43400
1820
Rect
43395
1585
43444
1634
Rect
43395
1726
43444
1775
Rect
43444
1547
43493
1596
Rect
43444
1682
43493
1731
Rect
43493
1525
43542
1574
Rect
43493
1645
43542
1694
Rect
43542
1548
43591
1597
Rect
43542
1682
43591
1731
Rect
43591
1585
43640
1634
Rect
43591
1727
43640
1776
Rect
43630
1771
43699
1820
Rect
43640
1616
43689
1665
Rect
43689
1587
43738
1636
Rect
43689
1727
43738
1776
Rect
43738
1549
43787
1598
Rect
43738
1684
43787
1733
Rect
43787
1525
43836
1574
Rect
43787
1648
43836
1697
Rect
43836
1549
43885
1598
Rect
43836
1684
43885
1733
Rect
43885
1587
43934
1636
Rect
43885
1729
43934
1778
Rect
43924
1771
44016
1820
Rect
44042
1771
44845
1820
Rect
45121
1621
45169
1820
Rect
45182
1583
45230
1821
Rect
45234
1544
45282
1821
Rect
45289
1577
45337
1821
Rect
45341
1613
45385
1821
Rect
46583
1594
46638
1925
Rect
46746
1394
46801
1715
Rect
46854
1594
46909
1925
Rect
46966
1394
47021
1715
Rect
47058
1594
47113
1925
Rect
47155
1394
47210
1715
Rect
47377
1594
47435
1925
Rect
47516
1394
47574
1715
Rect
47642
1594
47697
1925
Rect
47762
1394
47817
1715
Rect
47881
1594
47936
1925
Rect
47995
1394
48050
1715
Rect
48106
1594
48161
1925
Rect
48495
1665
52495
1735
Rect
50495
1615
50604
1735
Rect
50581
1546
50690
1732
Rect
50660
1456
50769
1735
Rect
50731
1456
52331
1703
Rect
52307
1538
52423
1685
Rect
53895
1633
54023
1654
Rect
54328
1633
54456
1654
Rect
54567
1812
54919
1841
Rect
55070
1828
55241
1969
Rect
55193
1746
55374
1969
Rect
55299
1671
55443
1970
Rect
55407
1588
55606
1971
Rect
55505
1502
55606
1697
Rect
55545
1896
55849
1971
Rect
55733
1286
55787
1804
Rect
56593
1523
56694
1561
Rect
56653
1523
56703
1923
Rect
56654
1897
57422
1923
Rect
56783
1229
56828
1848
Rect
57377
1230
57422
1308
Rect
57377
1418
57422
1923
Rect
57898
1843
58149
1874
Rect
57899
1237
57944
1757
Rect
58104
1238
58149
1874
Rect
59286
1542
59369
1671
Rect
59321
1620
59478
1671
Rect
59339
1579
59423
1671
Rect
59447
1621
59478
1882
Rect
59447
1859
59564
1882
Rect
59533
1621
59564
1881
Rect
59533
1620
59710
1671
Rect
59679
1621
59710
1881
Rect
59679
1859
59796
1882
Rect
59765
1621
59796
1881
Rect
59765
1620
59942
1671
Rect
59794
1181
59849
1236
Rect
59839
1224
59894
1279
Rect
59885
1268
59940
1323
Rect
59911
1621
59942
1880
Rect
59984
1268
60039
1323
Rect
59997
1621
60028
1810
Rect
59997
1620
60207
1671
Rect
60029
1225
60084
1280
Rect
60156
1058
60349
1098
Rect
60157
805
60350
845
Rect
61488
1459
61568
1539
Rect
61549
1506
61629
1586
Rect
61605
1566
61685
1646
Rect
61660
1442
61877
1478
Rect
61661
1627
61741
1707
Rect
61716
1682
61796
1762
Rect
61717
1726
62335
1762
Rect
62292
1443
62335
1762
Rect
62570
1344
62640
1414
Rect
62571
1492
62641
1562
Rect
62740
1561
62810
1631
Rect
62740
1351
62810
1421
Rect
62889
1188
62959
1258
Rect
62897
1633
62967
1703
Rect
63080
1706
63150
1776
Rect
63085
1183
63155
1253
Rect
63317
998
63387
1331
Rect
63323
1633
63393
1703
Rect
63461
1333
63531
1403
Rect
63463
1539
63533
1609
Rect
63684
1538
63899
1614
Rect
63875
1538
65454
1614
Rect
64313
956
65407
1059
Rect
64313
1007
64384
1368
Rect
64323
1256
64384
1291
Rect
64337
1006
64380
1314
Rect
64364
1221
64373
1338
Rect
64557
1396
64662
1432
Rect
64557
1218
65152
1560
Rect
64578
1222
64642
1537
Rect
64669
1224
64733
1606
Rect
65324
761
65427
1366
Rect
65399
761
66529
897
Rect
65487
1122
65535
1156
Rect
65542
1334
65622
1371
Rect
65598
1041
66294
1613
Rect
66267
1511
66568
1575
Rect
66464
801
66529
1364
Rect
67270
1356
67777
1393
Rect
67271
1510
68132
1548
Rect
67766
91
67800
1393
Rect
67766
89
70970
122
Rect
67775
1242
67854
1282
Rect
67775
882
67854
922
Rect
67775
522
67854
562
Rect
67878
1062
67957
1102
Rect
67878
702
67957
742
Rect
67935
379
67969
1393
Rect
67935
1352
68130
1394
Rect
67936
377
68372
408
Rect
68087
1513
69305
1666
Rect
68094
1249
68131
1392
Rect
68095
1249
68369
1287
Rect
68338
382
68372
1393
Rect
68349
522
68428
562
Rect
68349
882
68428
922
Rect
68349
1242
68428
1282
Rect
68452
702
68531
742
Rect
68452
1062
68531
1102
Rect
68504
382
68538
1393
Rect
68506
380
70740
413
Rect
68509
1100
68897
1287
Rect
68868
622
68902
1393
Rect
68869
622
70746
661
Rect
68878
1242
68957
1282
Rect
68878
882
68957
922
Rect
68887
1260
68914
1277
Rect
68981
1062
69060
1102
Rect
69034
889
69068
1393
Rect
69038
889
69648
925
Rect
69049
911
69064
1309
Rect
69053
1249
69300
1287
Rect
69069
757
70544
793
Rect
69265
1249
69306
1545
Rect
69607
221
70954
256
Rect
69676
889
69716
925
Rect
69735
889
69904
925
Rect
69880
889
69924
1530
Rect
70062
760
70106
1530
Rect
70512
755
70546
1246
Rect
70512
1220
70748
1252
Rect
70543
859
70610
922
Rect
70543
1063
70610
1126
Rect
70652
967
70719
1030
Rect
70704
380
70748
661
Rect
70712
755
70971
805
Rect
70714
764
70748
1246
Rect
70735
470
70810
551
Rect
70863
613
70954
760
Rect
70924
90
70971
795
Triangle
11401
1672
11493
1729
top
Triangle
11547
1820
11628
1859
top
Triangle
11700
1816
11781
1855
top
Triangle
11835
1670
11925
1729
top
Triangle
11979
1817
12052
1857
top
Triangle
12046
1871
12128
1911
top
Triangle
12371
1705
12422
1730
top
Triangle
12416
1754
12472
1787
top
Triangle
12469
1809
12551
1854
top
Triangle
13453
1629
13498
1804
bottom
Triangle
13501
1827
13525
1867
left
Triangle
13501
1867
13525
1907
left
Triangle
13675
1823
13702
1865
right
Triangle
13675
1865
13702
1907
right
Triangle
13713
1629
13758
1804
bottom
Triangle
13947
1814
13978
1861
right
Triangle
13947
1861
13978
1908
right
Triangle
13988
1629
14033
1804
bottom
Triangle
14042
1861
14073
1908
left
Triangle
14042
1814
14073
1861
left
Triangle
14222
1861
14253
1908
right
Triangle
14222
1814
14253
1861
right
Triangle
14249
1629
14294
1804
bottom
Triangle
14288
1861
14319
1908
left
Triangle
14288
1814
14319
1861
left
Triangle
14468
1814
14490
1861
right
Triangle
14468
1861
14490
1908
right
Triangle
14480
1629
14525
1804
bottom
Triangle
14520
1814
14542
1861
left
Triangle
14520
1861
14542
1908
left
Triangle
15363
1629
15394
1669
left
Triangle
15364
1789
15395
1829
left
Triangle
15364
1669
15395
1709
left
Triangle
15364
1709
15395
1749
left
Triangle
15364
1749
15395
1789
left
Triangle
15439
1629
15470
1669
right
Triangle
15439
1669
15470
1709
right
Triangle
15439
1709
15470
1749
right
Triangle
15439
1749
15470
1789
right
Triangle
15439
1789
15470
1829
right
Triangle
15594
1789
15625
1829
right
Triangle
15594
1749
15625
1789
right
Triangle
15594
1709
15625
1749
right
Triangle
15594
1669
15625
1709
right
Triangle
15594
1629
15625
1669
right
Triangle
15672
1629
15703
1669
left
Triangle
15672
1669
15703
1709
left
Triangle
15672
1709
15703
1749
left
Triangle
15672
1749
15703
1789
left
Triangle
15672
1789
15703
1829
left
Triangle
15767
1793
15801
1907
top
Triangle
15811
1789
15842
1829
left
Triangle
15811
1749
15842
1789
left
Triangle
15811
1629
15842
1669
left
Triangle
15811
1669
15842
1709
left
Triangle
15811
1709
15842
1749
left
Triangle
15885
1789
15916
1829
right
Triangle
15885
1629
15916
1669
right
Triangle
15885
1669
15916
1709
right
Triangle
15885
1709
15916
1749
right
Triangle
15885
1749
15916
1789
right
Triangle
15928
1793
15962
1907
top
Triangle
16026
1629
16057
1669
right
Triangle
16026
1669
16057
1709
right
Triangle
16026
1709
16057
1749
right
Triangle
16026
1789
16057
1829
right
Triangle
16026
1749
16057
1789
right
Triangle
16066
1793
16100
1907
top
Triangle
16105
1789
16136
1829
left
Triangle
16105
1749
16136
1789
left
Triangle
16105
1709
16136
1749
left
Triangle
16105
1629
16136
1669
left
Triangle
16105
1669
16136
1709
left
Triangle
16596
1651
16633
1682
top
Triangle
16596
1733
16633
1764
bottom
Triangle
16596
1809
16633
1840
top
Triangle
16713
1838
16749
1869
bottom
Triangle
16713
1651
16750
1682
top
Triangle
16826
1770
16862
1801
top
Triangle
16826
1719
16863
1750
bottom
Triangle
16826
1636
16898
1667
top
Triangle
16862
1801
16898
1832
top
Triangle
16864
1742
16901
1773
bottom
Triangle
16992
1654
17029
1685
top
Triangle
16992
1839
17028
1870
bottom
Triangle
17117
1793
17153
1824
bottom
Triangle
17117
1651
17153
1682
top
Triangle
17118
1876
17155
1907
top
Triangle
17245
1839
17281
1870
top
Triangle
17245
1649
17281
1680
top
Triangle
17245
1767
17281
1798
bottom
Triangle
17366
1740
17402
1771
bottom
Triangle
17366
1649
17402
1680
top
Triangle
17366
1810
17402
1841
top
Triangle
17402
1810
17438
1841
top
Triangle
17402
1740
17438
1771
bottom
Triangle
17402
1649
17438
1680
top
Triangle
17828
1396
17932
1500
top
Triangle
17933
1595
17983
1645
top
Triangle
17983
1595
18033
1645
top
Triangle
18033
1595
18083
1645
top
Triangle
18083
1595
18133
1645
top
Triangle
18133
1595
18183
1645
top
Triangle
18183
1595
18233
1645
top
Triangle
18233
1595
18283
1645
top
Triangle
18283
1595
18333
1645
top
Triangle
18333
1595
18383
1645
top
Triangle
18383
1595
18433
1645
top
Triangle
18433
1595
18483
1645
top
Triangle
18483
1595
18533
1645
top
Triangle
18533
1595
18583
1645
top
Triangle
18583
1595
18633
1645
top
Triangle
18633
1595
18683
1645
top
Triangle
19106
1787
19155
1836
bottom
Triangle
19155
1550
19205
1600
top
Triangle
19205
1550
19255
1600
top
Triangle
19247
1680
19296
1729
top
Triangle
19255
1550
19305
1600
top
Triangle
19305
1550
19355
1600
top
Triangle
19355
1550
19405
1600
top
Triangle
19395
1785
19444
1834
bottom
Triangle
19405
1550
19455
1600
top
Triangle
19455
1550
19505
1600
top
Triangle
19505
1550
19555
1600
top
Triangle
19538
1678
19587
1727
top
Triangle
19555
1550
19605
1600
top
Triangle
19605
1550
19655
1600
top
Triangle
19655
1550
19705
1600
top
Triangle
19945
1472
19973
1500
top
Triangle
19973
1472
20001
1500
top
Triangle
20001
1472
20029
1500
top
Triangle
20029
1472
20057
1500
top
Triangle
20057
1472
20085
1500
top
Triangle
20067
1528
20095
1556
top
Triangle
20068
1694
20096
1722
top
Triangle
20085
1472
20113
1500
top
Triangle
20113
1472
20141
1500
top
Triangle
20141
1472
20169
1500
top
Triangle
20167
1612
20195
1640
top
Triangle
20168
1777
20196
1805
top
Triangle
20169
1472
20197
1500
top
Triangle
23197
1463
23227
1502
top
Triangle
23397
1463
23436
1502
top
Triangle
25496
1385
63116
1788

Triangle
26623
1554
26708
1592
top
Triangle
27008
1533
27124
1546
top
Triangle
30105
1603
30375
1667
top
Triangle
30375
1603
30645
1667
top
Triangle
30645
1603
30915
1667
top
Triangle
30915
1603
31185
1667
top
Triangle
31558
1635
31591
1668
top
Triangle
31591
1635
31624
1668
top
Triangle
31624
1635
31657
1668
top
Triangle
31657
1635
31690
1668
top
Triangle
31690
1635
31723
1668
top
Triangle
31723
1635
31756
1668
top
Triangle
31756
1635
31789
1668
top
Triangle
31789
1635
31822
1668
top
Triangle
31822
1635
31855
1668
top
Triangle
31855
1635
31888
1668
top
Triangle
31888
1635
31921
1668
top
Triangle
31921
1635
31954
1668
top
Triangle
31954
1635
31987
1668
top
Triangle
31987
1635
32020
1668
top
Triangle
32020
1635
32053
1668
top
Triangle
32053
1635
32086
1668
top
Triangle
34733
1426
34783
1476
top
Triangle
34783
1426
34833
1476
top
Triangle
34833
1426
34883
1476
top
Triangle
34883
1426
34933
1476
top
Triangle
34933
1426
34983
1476
top
Triangle
34983
1426
35033
1476
top
Triangle
35033
1426
35083
1476
top
Triangle
35083
1426
35133
1476
top
Triangle
35133
1426
35183
1476
top
Triangle
35183
1426
35233
1476
top
Triangle
35233
1426
35283
1476
top
Triangle
35283
1426
35333
1476
top
Triangle
36071
1339
36121
1389
top
Triangle
36072
1433
36122
1483
bottom
Triangle
36121
1339
36171
1389
top
Triangle
36122
1433
36172
1483
bottom
Triangle
36171
1339
36221
1389
top
Triangle
36172
1433
36222
1483
bottom
Triangle
36221
1339
36271
1389
top
Triangle
36222
1433
36272
1483
bottom
Triangle
36271
1339
36321
1389
top
Triangle
36272
1433
36322
1483
bottom
Triangle
36321
1339
36371
1389
top
Triangle
36322
1433
36372
1483
bottom
Triangle
36371
1339
36421
1389
top
Triangle
36372
1433
36422
1483
bottom
Triangle
36421
1339
36471
1389
top
Triangle
36422
1433
36472
1483
bottom
Triangle
36471
1339
36521
1389
top
Triangle
36472
1433
36522
1483
bottom
Triangle
36521
1339
36571
1389
top
Triangle
36522
1433
36572
1483
bottom
Triangle
36571
1339
36621
1389
top
Triangle
36572
1433
36622
1483
bottom
Triangle
36621
1339
36671
1389
top
Triangle
36622
1433
36672
1483
bottom
Triangle
36671
1339
36721
1389
top
Triangle
36672
1433
36722
1483
bottom
Triangle
37026
1689
37076
1739
top
Triangle
37207
1689
37257
1739
top
Triangle
37248
1689
37298
1739
top
Triangle
37379
1689
37429
1739
top
Triangle
37418
1689
37468
1739
top
Triangle
37459
1689
37509
1739
top
Triangle
37500
1689
37550
1739
top
Triangle
37795
1323
37843
1373
top
Triangle
37795
1510
37844
1559
bottom
Triangle
37795
1590
37844
1639
top
Triangle
38125
1364
38174
1413
top
Triangle
38125
1652
38174
1701
top
Triangle
38125
1575
38174
1624
bottom
Triangle
38442
1382
38491
1431
top
Triangle
38442
1609
38491
1658
top
Triangle
38442
1547
38491
1596
bottom
Triangle
39795
1502
39845
1552
bottom
Triangle
39845
1502
39895
1552
bottom
Triangle
39895
1502
39945
1552
bottom
Triangle
39945
1502
39995
1552
bottom
Triangle
39995
1502
40045
1552
bottom
Triangle
40045
1502
40095
1552
bottom
Triangle
40095
1502
40145
1552
bottom
Triangle
40145
1502
40195
1552
bottom
Triangle
40195
1502
40245
1552
bottom
Triangle
40245
1502
40295
1552
bottom
Triangle
40295
1502
40345
1552
bottom
Triangle
40345
1502
40395
1552
bottom
Triangle
40395
1502
40445
1552
bottom
Triangle
40445
1502
40495
1552
bottom
Triangle
40495
1502
40545
1552
bottom
Triangle
40545
1502
40595
1552
bottom
Triangle
40595
1502
40645
1552
bottom
Triangle
40645
1502
40695
1552
bottom
Triangle
40695
1502
40745
1552
bottom
Triangle
40745
1502
40795
1552
bottom
Triangle
40795
1502
40845
1552
bottom
Triangle
40845
1502
40895
1552
bottom
Triangle
40895
1502
40945
1552
bottom
Triangle
40945
1502
40995
1552
bottom
Triangle
40995
1502
41045
1552
bottom
Triangle
41045
1502
41095
1552
bottom
Triangle
41095
1502
41145
1552
bottom
Triangle
41145
1502
41195
1552
bottom
Triangle
41195
1502
41245
1552
bottom
Triangle
41245
1502
41295
1552
bottom
Triangle
41295
1502
41345
1552
bottom
Triangle
41345
1502
41395
1552
bottom
Triangle
41395
1502
41445
1552
bottom
Triangle
41445
1502
41495
1552
bottom
Triangle
41495
1502
41545
1552
bottom
Triangle
41545
1502
41595
1552
bottom
Triangle
41595
1502
41645
1552
bottom
Triangle
41645
1502
41695
1552
bottom
Triangle
41695
1502
41745
1552
bottom
Triangle
41745
1502
41795
1552
bottom
Triangle
41795
1502
41845
1552
bottom
Triangle
41845
1502
41895
1552
bottom
Triangle
41895
1502
41945
1552
bottom
Triangle
41945
1502
41995
1552
bottom
Triangle
41995
1502
42045
1552
bottom
Triangle
42045
1502
42095
1552
bottom
Triangle
42095
1502
42145
1552
bottom
Triangle
42145
1502
42195
1552
bottom
Triangle
42195
1502
42245
1552
bottom
Triangle
42245
1502
42295
1552
bottom
Triangle
42295
1502
42345
1552
bottom
Triangle
42345
1502
42395
1552
bottom
Triangle
42395
1502
42445
1552
bottom
Triangle
42445
1502
42495
1552
bottom
Triangle
42495
1502
42545
1552
bottom
Triangle
42545
1502
42595
1552
bottom
Triangle
42595
1502
42645
1552
bottom
Triangle
42645
1502
42695
1552
bottom
Triangle
42695
1502
42745
1552
bottom
Triangle
42745
1502
42795
1552
bottom
Triangle
42795
1502
42845
1552
bottom
Triangle
42845
1502
42895
1552
bottom
Triangle
42895
1502
42945
1552
bottom
Triangle
42945
1502
42995
1552
bottom
Triangle
42995
1502
43045
1552
bottom
Triangle
43045
1502
43095
1552
bottom
Triangle
43095
1502
43145
1552
bottom
Triangle
43145
1502
43195
1552
bottom
Triangle
43195
1502
43245
1552
bottom
Triangle
43395
1634
43444
1661
bottom
Triangle
43395
1700
43444
1727
top
Triangle
43396
1558
43445
1585
top
Triangle
43444
1520
43493
1547
top
Triangle
43444
1596
43493
1623
bottom
Triangle
43444
1655
43493
1682
top
Triangle
43493
1499
43542
1526
top
Triangle
43493
1573
43542
1600
bottom
Triangle
43493
1623
43542
1646
top
Triangle
43542
1522
43591
1549
top
Triangle
43542
1596
43591
1623
bottom
Triangle
43542
1655
43591
1682
top
Triangle
43591
1559
43640
1586
top
Triangle
43591
1634
43640
1661
bottom
Triangle
43591
1701
43640
1728
top
Triangle
43640
1590
43689
1617
top
Triangle
43640
1664
43689
1691
bottom
Triangle
43689
1561
43738
1588
top
Triangle
43689
1634
43738
1661
bottom
Triangle
43689
1700
43738
1727
top
Triangle
43738
1523
43787
1550
top
Triangle
43738
1596
43787
1623
bottom
Triangle
43738
1658
43787
1685
top
Triangle
43787
1500
43836
1527
top
Triangle
43787
1572
43836
1599
bottom
Triangle
43787
1623
43836
1650
top
Triangle
43836
1523
43885
1550
top
Triangle
43836
1596
43885
1623
bottom
Triangle
43836
1659
43885
1686
top
Triangle
43885
1561
43934
1588
top
Triangle
43885
1634
43934
1661
bottom
Triangle
43885
1702
43934
1729
top
Triangle
44217
1623
44365
1719
bottom
Triangle
44304
1654
44454
1771
top
Triangle
44393
1623
44541
1719
bottom
Triangle
44482
1654
44632
1771
top
Triangle
44567
1623
44715
1719
bottom
Triangle
44652
1654
44802
1771
top
Triangle
45119
1532
45168
1561
bottom
Triangle
45120
1505
45169
1534
top
Triangle
45120
1593
45169
1622
top
Triangle
45180
1485
45229
1514
bottom
Triangle
45181
1457
45230
1486
top
Triangle
45181
1555
45230
1584
top
Triangle
45233
1516
45282
1545
top
Triangle
45233
1452
45282
1481
bottom
Triangle
45234
1424
45283
1453
top
Triangle
45287
1458
45336
1487
top
Triangle
45287
1486
45336
1515
bottom
Triangle
45288
1549
45337
1578
top
Triangle
45337
1527
45386
1556
bottom
Triangle
45338
1498
45387
1527
top
Triangle
45341
1584
45384
1613
top
Triangle
45701
1615
45751
1665
top
Triangle
45701
1665
45751
1715
bottom
Triangle
45839
1665
45889
1715
bottom
Triangle
45839
1615
45889
1665
top
Triangle
45967
1665
46017
1715
bottom
Triangle
45967
1615
46017
1665
top
Triangle
46091
1665
46141
1715
bottom
Triangle
46091
1615
46141
1665
top
Triangle
46194
1665
46244
1715
bottom
Triangle
46194
1615
46244
1665
top
Triangle
46289
1665
46339
1715
bottom
Triangle
46289
1615
46339
1665
top
Triangle
46583
1540
46638
1595
top
Triangle
46745
1714
46800
1769
bottom
Triangle
46746
1340
46801
1395
top
Triangle
46854
1540
46909
1595
top
Triangle
46966
1340
47021
1395
top
Triangle
46966
1714
47021
1769
bottom
Triangle
47058
1540
47113
1595
top
Triangle
47154
1714
47209
1769
bottom
Triangle
47155
1340
47210
1395
top
Triangle
47359
1607
47379
1627
left
Triangle
47359
1627
47379
1647
left
Triangle
47359
1647
47379
1667
left
Triangle
47359
1667
47379
1687
left
Triangle
47359
1687
47379
1707
left
Triangle
47359
1707
47379
1727
left
Triangle
47359
1727
47379
1747
left
Triangle
47359
1747
47379
1767
left
Triangle
47359
1767
47379
1787
left
Triangle
47359
1787
47379
1807
left
Triangle
47359
1807
47379
1827
left
Triangle
47359
1827
47379
1847
left
Triangle
47359
1847
47379
1867
left
Triangle
47359
1867
47379
1887
left
Triangle
47359
1891
47379
1911
left
Triangle
47377
1540
47435
1595
top
Triangle
47434
1895
47454
1915
right
Triangle
47434
1875
47454
1895
right
Triangle
47434
1855
47454
1875
right
Triangle
47434
1835
47454
1855
right
Triangle
47434
1815
47454
1835
right
Triangle
47434
1795
47454
1815
right
Triangle
47434
1775
47454
1795
right
Triangle
47434
1755
47454
1775
right
Triangle
47434
1735
47454
1755
right
Triangle
47434
1715
47454
1735
right
Triangle
47434
1695
47454
1715
right
Triangle
47434
1675
47454
1695
right
Triangle
47434
1655
47454
1675
right
Triangle
47434
1635
47454
1655
right
Triangle
47434
1615
47454
1635
right
Triangle
47434
1595
47454
1615
right
Triangle
47498
1394
47518
1414
left
Triangle
47498
1414
47518
1434
left
Triangle
47498
1434
47518
1454
left
Triangle
47498
1454
47518
1474
left
Triangle
47498
1474
47518
1494
left
Triangle
47498
1494
47518
1514
left
Triangle
47498
1514
47518
1534
left
Triangle
47498
1534
47518
1554
left
Triangle
47498
1554
47518
1574
left
Triangle
47498
1574
47518
1594
left
Triangle
47498
1594
47518
1614
left
Triangle
47498
1614
47518
1634
left
Triangle
47498
1634
47518
1654
left
Triangle
47498
1654
47518
1674
left
Triangle
47498
1674
47518
1694
left
Triangle
47498
1694
47518
1714
left
Triangle
47516
1713
47574
1768
bottom
Triangle
47516
1340
47574
1395
top
Triangle
47573
1393
47593
1413
right
Triangle
47573
1413
47593
1433
right
Triangle
47573
1433
47593
1453
right
Triangle
47573
1453
47593
1473
right
Triangle
47573
1473
47593
1493
right
Triangle
47573
1493
47593
1513
right
Triangle
47573
1513
47593
1533
right
Triangle
47573
1533
47593
1553
right
Triangle
47573
1553
47593
1573
right
Triangle
47573
1573
47593
1593
right
Triangle
47573
1593
47593
1613
right
Triangle
47573
1613
47593
1633
right
Triangle
47573
1633
47593
1653
right
Triangle
47573
1653
47593
1673
right
Triangle
47573
1673
47593
1693
right
Triangle
47573
1693
47593
1713
right
Triangle
47622
1611
47642
1631
left
Triangle
47622
1631
47642
1651
left
Triangle
47622
1651
47642
1671
left
Triangle
47622
1671
47642
1691
left
Triangle
47622
1691
47642
1711
left
Triangle
47622
1711
47642
1731
left
Triangle
47622
1731
47642
1751
left
Triangle
47622
1751
47642
1771
left
Triangle
47622
1771
47642
1791
left
Triangle
47622
1791
47642
1811
left
Triangle
47622
1811
47642
1831
left
Triangle
47622
1831
47642
1851
left
Triangle
47622
1851
47642
1871
left
Triangle
47622
1871
47642
1891
left
Triangle
47622
1891
47642
1911
left
Triangle
47642
1540
47697
1595
top
Triangle
47694
1894
47714
1914
right
Triangle
47694
1874
47714
1894
right
Triangle
47694
1854
47714
1874
right
Triangle
47694
1834
47714
1854
right
Triangle
47694
1814
47714
1834
right
Triangle
47694
1794
47714
1814
right
Triangle
47694
1774
47714
1794
right
Triangle
47694
1754
47714
1774
right
Triangle
47694
1734
47714
1754
right
Triangle
47694
1714
47714
1734
right
Triangle
47694
1694
47714
1714
right
Triangle
47694
1674
47714
1694
right
Triangle
47694
1654
47714
1674
right
Triangle
47694
1634
47714
1654
right
Triangle
47694
1614
47714
1634
right
Triangle
47694
1594
47714
1614
right
Triangle
47742
1394
47762
1414
left
Triangle
47742
1414
47762
1434
left
Triangle
47742
1434
47762
1454
left
Triangle
47742
1454
47762
1474
left
Triangle
47742
1474
47762
1494
left
Triangle
47742
1494
47762
1514
left
Triangle
47742
1514
47762
1534
left
Triangle
47742
1534
47762
1554
left
Triangle
47742
1554
47762
1574
left
Triangle
47742
1574
47762
1594
left
Triangle
47742
1594
47762
1614
left
Triangle
47742
1614
47762
1634
left
Triangle
47742
1634
47762
1654
left
Triangle
47742
1654
47762
1674
left
Triangle
47742
1674
47762
1694
left
Triangle
47742
1694
47762
1714
left
Triangle
47762
1340
47817
1395
top
Triangle
47763
1713
47818
1768
bottom
Triangle
47816
1393
47836
1413
right
Triangle
47816
1413
47836
1433
right
Triangle
47816
1433
47836
1453
right
Triangle
47816
1453
47836
1473
right
Triangle
47816
1473
47836
1493
right
Triangle
47816
1493
47836
1513
right
Triangle
47816
1513
47836
1533
right
Triangle
47816
1533
47836
1553
right
Triangle
47816
1553
47836
1573
right
Triangle
47816
1573
47836
1593
right
Triangle
47816
1593
47836
1613
right
Triangle
47816
1613
47836
1633
right
Triangle
47816
1633
47836
1653
right
Triangle
47816
1653
47836
1673
right
Triangle
47816
1673
47836
1693
right
Triangle
47816
1693
47836
1713
right
Triangle
47861
1591
47881
1611
left
Triangle
47861
1611
47881
1631
left
Triangle
47861
1631
47881
1651
left
Triangle
47861
1651
47881
1671
left
Triangle
47861
1671
47881
1691
left
Triangle
47861
1691
47881
1711
left
Triangle
47861
1711
47881
1731
left
Triangle
47861
1731
47881
1751
left
Triangle
47861
1751
47881
1771
left
Triangle
47861
1771
47881
1791
left
Triangle
47861
1791
47881
1811
left
Triangle
47861
1811
47881
1831
left
Triangle
47861
1831
47881
1851
left
Triangle
47861
1851
47881
1871
left
Triangle
47861
1871
47881
1891
left
Triangle
47861
1891
47881
1911
left
Triangle
47881
1540
47936
1595
top
Triangle
47935
1896
47955
1916
right
Triangle
47935
1876
47955
1896
right
Triangle
47935
1856
47955
1876
right
Triangle
47935
1836
47955
1856
right
Triangle
47935
1816
47955
1836
right
Triangle
47935
1796
47955
1816
right
Triangle
47935
1776
47955
1796
right
Triangle
47935
1756
47955
1776
right
Triangle
47935
1736
47955
1756
right
Triangle
47935
1716
47955
1736
right
Triangle
47935
1696
47955
1716
right
Triangle
47935
1676
47955
1696
right
Triangle
47935
1656
47955
1676
right
Triangle
47935
1636
47955
1656
right
Triangle
47935
1616
47955
1636
right
Triangle
47935
1596
47955
1616
right
Triangle
47975
1394
47995
1414
left
Triangle
47975
1414
47995
1434
left
Triangle
47975
1434
47995
1454
left
Triangle
47975
1454
47995
1474
left
Triangle
47975
1474
47995
1494
left
Triangle
47975
1494
47995
1514
left
Triangle
47975
1514
47995
1534
left
Triangle
47975
1534
47995
1554
left
Triangle
47975
1554
47995
1574
left
Triangle
47975
1574
47995
1594
left
Triangle
47975
1594
47995
1614
left
Triangle
47975
1614
47995
1634
left
Triangle
47975
1634
47995
1654
left
Triangle
47975
1654
47995
1674
left
Triangle
47975
1674
47995
1694
left
Triangle
47975
1694
47995
1714
left
Triangle
47994
1340
48049
1395
top
Triangle
47995
1713
48050
1768
bottom
Triangle
48047
1394
48067
1414
right
Triangle
48047
1414
48067
1434
right
Triangle
48047
1434
48067
1454
right
Triangle
48047
1454
48067
1474
right
Triangle
48047
1474
48067
1494
right
Triangle
48047
1494
48067
1514
right
Triangle
48047
1514
48067
1534
right
Triangle
48047
1534
48067
1554
right
Triangle
48047
1554
48067
1574
right
Triangle
48047
1574
48067
1594
right
Triangle
48047
1594
48067
1614
right
Triangle
48047
1614
48067
1634
right
Triangle
48047
1634
48067
1654
right
Triangle
48047
1654
48067
1674
right
Triangle
48047
1674
48067
1694
right
Triangle
48047
1694
48067
1714
right
Triangle
48086
1591
48106
1611
left
Triangle
48086
1611
48106
1631
left
Triangle
48086
1631
48106
1651
left
Triangle
48086
1651
48106
1671
left
Triangle
48086
1671
48106
1691
left
Triangle
48086
1691
48106
1711
left
Triangle
48086
1711
48106
1731
left
Triangle
48086
1731
48106
1751
left
Triangle
48086
1751
48106
1771
left
Triangle
48086
1771
48106
1791
left
Triangle
48086
1791
48106
1811
left
Triangle
48086
1811
48106
1831
left
Triangle
48086
1831
48106
1851
left
Triangle
48086
1851
48106
1871
left
Triangle
48086
1871
48106
1891
left
Triangle
48086
1891
48106
1911
left
Triangle
48106
1540
48161
1595
top
Triangle
48160
1605
48180
1625
right
Triangle
48160
1625
48180
1645
right
Triangle
48160
1645
48180
1665
right
Triangle
48160
1665
48180
1685
right
Triangle
48160
1685
48180
1705
right
Triangle
48160
1705
48180
1725
right
Triangle
48160
1725
48180
1745
right
Triangle
48160
1745
48180
1765
right
Triangle
48160
1765
48180
1785
right
Triangle
48160
1785
48180
1805
right
Triangle
48160
1805
48180
1825
right
Triangle
48160
1825
48180
1845
right
Triangle
48160
1845
48180
1865
right
Triangle
48160
1865
48180
1885
right
Triangle
48160
1885
48180
1905
right
Triangle
48160
1905
48180
1925
right
Triangle
50750
986
52250
1061
bottom
Triangle
52765
1286
52785
1306
top
Triangle
52765
1305
52785
1325
bottom
Triangle
52765
1609
52785
1629
top
Triangle
52766
1785
52786
1805
top
Triangle
52766
1638
52786
1658
top
Triangle
52766
1657
52786
1677
bottom
Triangle
52766
1805
52786
1825
bottom
Triangle
52766
1480
52786
1500
bottom
Triangle
52766
1629
52786
1649
bottom
Triangle
52766
1460
52786
1480
top
Triangle
52767
1434
52787
1454
top
Triangle
52767
1454
52787
1474
bottom
Triangle
52793
1657
52813
1677
bottom
Triangle
52793
1637
52813
1657
top
Triangle
52813
1657
52833
1677
bottom
Triangle
52813
1637
52833
1657
top
Triangle
52833
1657
52853
1677
bottom
Triangle
52833
1637
52853
1657
top
Triangle
52853
1657
52873
1677
bottom
Triangle
52853
1637
52873
1657
top
Triangle
52873
1657
52893
1677
bottom
Triangle
52873
1637
52893
1657
top
Triangle
52893
1657
52913
1677
bottom
Triangle
52893
1637
52913
1657
top
Triangle
52914
1434
52934
1454
top
Triangle
52914
1454
52934
1474
bottom
Triangle
52914
1785
52934
1805
top
Triangle
52914
1638
52934
1658
top
Triangle
52914
1657
52934
1677
bottom
Triangle
52914
1805
52934
1825
bottom
Triangle
52914
1630
52934
1650
bottom
Triangle
52914
1481
52934
1501
bottom
Triangle
52914
1610
52934
1630
top
Triangle
52914
1462
52934
1482
top
Triangle
52915
1286
52935
1306
top
Triangle
52915
1305
52935
1325
bottom
Triangle
52979
1286
52999
1306
top
Triangle
52979
1305
52999
1325
bottom
Triangle
52979
1482
52999
1502
bottom
Triangle
52979
1463
52999
1483
top
Triangle
52980
1434
53000
1454
top
Triangle
52980
1454
53000
1474
bottom
Triangle
52980
1610
53000
1630
top
Triangle
52980
1638
53000
1658
top
Triangle
52980
1657
53000
1677
bottom
Triangle
52980
1629
53000
1649
bottom
Triangle
52981
1785
53001
1805
top
Triangle
52982
1803
53002
1823
bottom
Triangle
53118
1583
53138
1603
left
Triangle
53118
1563
53138
1583
left
Triangle
53118
1543
53138
1563
left
Triangle
53118
1523
53138
1543
left
Triangle
53118
1503
53138
1523
left
Triangle
53127
1286
53147
1306
top
Triangle
53127
1305
53147
1325
bottom
Triangle
53127
1482
53147
1502
bottom
Triangle
53127
1463
53147
1483
top
Triangle
53128
1434
53148
1454
top
Triangle
53128
1454
53148
1474
bottom
Triangle
53128
1610
53148
1630
top
Triangle
53128
1629
53148
1649
bottom
Triangle
53129
1785
53149
1805
top
Triangle
53129
1638
53149
1658
top
Triangle
53129
1657
53149
1677
bottom
Triangle
53129
1803
53149
1823
bottom
Triangle
53138
1583
53158
1603
right
Triangle
53138
1563
53158
1583
right
Triangle
53138
1543
53158
1563
right
Triangle
53138
1523
53158
1543
right
Triangle
53138
1503
53158
1523
right
Triangle
53185
1408
53205
1428
left
Triangle
53185
1388
53205
1408
left
Triangle
53185
1368
53205
1388
left
Triangle
53185
1348
53205
1368
left
Triangle
53185
1328
53205
1348
left
Triangle
53195
1286
53215
1306
top
Triangle
53195
1305
53215
1325
bottom
Triangle
53196
1482
53216
1502
bottom
Triangle
53196
1463
53216
1483
top
Triangle
53196
1638
53216
1658
top
Triangle
53196
1657
53216
1677
bottom
Triangle
53197
1434
53217
1454
top
Triangle
53197
1454
53217
1474
bottom
Triangle
53197
1610
53217
1630
top
Triangle
53197
1785
53217
1805
top
Triangle
53197
1803
53217
1823
bottom
Triangle
53197
1629
53217
1649
bottom
Triangle
53205
1408
53225
1428
right
Triangle
53205
1388
53225
1408
right
Triangle
53205
1368
53225
1388
right
Triangle
53205
1348
53225
1368
right
Triangle
53205
1328
53225
1348
right
Triangle
53219
1305
53239
1325
bottom
Triangle
53219
1285
53239
1305
top
Triangle
53239
1305
53259
1325
bottom
Triangle
53239
1285
53259
1305
top
Triangle
53259
1305
53279
1325
bottom
Triangle
53259
1285
53279
1305
top
Triangle
53279
1305
53299
1325
bottom
Triangle
53279
1285
53299
1305
top
Triangle
53299
1305
53319
1325
bottom
Triangle
53299
1285
53319
1305
top
Triangle
53319
1305
53339
1325
bottom
Triangle
53319
1285
53339
1305
top
Triangle
53344
1286
53364
1306
top
Triangle
53344
1305
53364
1325
bottom
Triangle
53344
1610
53364
1630
top
Triangle
53344
1628
53364
1648
bottom
Triangle
53345
1434
53365
1454
top
Triangle
53345
1454
53365
1474
bottom
Triangle
53345
1482
53365
1502
bottom
Triangle
53345
1463
53365
1483
top
Triangle
53345
1785
53365
1805
top
Triangle
53345
1638
53365
1658
top
Triangle
53345
1657
53365
1677
bottom
Triangle
53345
1802
53365
1822
bottom
Triangle
53640
1632
53660
1652
bottom
Triangle
53640
1612
53660
1632
top
Triangle
53641
1462
53661
1482
top
Triangle
53642
1481
53662
1501
bottom
Triangle
53660
1612
53680
1632
top
Triangle
53660
1632
53680
1652
bottom
Triangle
53680
1612
53700
1632
top
Triangle
53680
1632
53700
1652
bottom
Triangle
53700
1612
53720
1632
top
Triangle
53700
1632
53720
1652
bottom
Triangle
53720
1612
53740
1632
top
Triangle
53720
1632
53740
1652
bottom
Triangle
53740
1612
53760
1632
top
Triangle
53740
1632
53760
1652
bottom
Triangle
53744
1356
53784
1396
top
Triangle
53760
1612
53780
1632
top
Triangle
53760
1632
53780
1652
bottom
Triangle
53780
1476
53800
1496
left
Triangle
53780
1495
53800
1515
left
Triangle
53780
1515
53800
1535
left
Triangle
53780
1535
53800
1555
left
Triangle
53780
1556
53800
1576
left
Triangle
53780
1576
53800
1596
left
Triangle
53780
1596
53800
1616
left
Triangle
53780
1612
53800
1632
top
Triangle
53780
1632
53800
1652
bottom
Triangle
53781
1356
53821
1396
top
Triangle
53799
1496
53819
1516
right
Triangle
53799
1535
53819
1555
right
Triangle
53799
1597
53819
1617
right
Triangle
53800
1476
53820
1496
right
Triangle
53800
1516
53820
1536
right
Triangle
53800
1557
53820
1577
right
Triangle
53800
1576
53820
1596
right
Triangle
53800
1612
53820
1632
top
Triangle
53800
1632
53820
1652
bottom
Triangle
54077
1482
54097
1502
bottom
Triangle
54077
1463
54097
1483
top
Triangle
54077
1633
54097
1653
bottom
Triangle
54077
1613
54097
1633
top
Triangle
54097
1482
54117
1502
bottom
Triangle
54097
1463
54117
1483
top
Triangle
54097
1633
54117
1653
bottom
Triangle
54097
1613
54117
1633
top
Triangle
54117
1482
54137
1502
bottom
Triangle
54117
1463
54137
1483
top
Triangle
54117
1633
54137
1653
bottom
Triangle
54117
1613
54137
1633
top
Triangle
54137
1482
54157
1502
bottom
Triangle
54137
1463
54157
1483
top
Triangle
54137
1633
54157
1653
bottom
Triangle
54137
1613
54157
1633
top
Triangle
54157
1482
54177
1502
bottom
Triangle
54157
1463
54177
1483
top
Triangle
54157
1633
54177
1653
bottom
Triangle
54157
1613
54177
1633
top
Triangle
54177
1482
54197
1502
bottom
Triangle
54177
1463
54197
1483
top
Triangle
54177
1633
54197
1653
bottom
Triangle
54177
1613
54197
1633
top
Triangle
54197
1482
54217
1502
bottom
Triangle
54197
1463
54217
1483
top
Triangle
54197
1633
54217
1653
bottom
Triangle
54197
1613
54217
1633
top
Triangle
54216
1375
54256
1415
top
Triangle
54217
1482
54237
1502
bottom
Triangle
54217
1463
54237
1483
top
Triangle
54217
1633
54237
1653
bottom
Triangle
54217
1613
54237
1633
top
Triangle
54237
1482
54257
1502
bottom
Triangle
54237
1463
54257
1483
top
Triangle
54237
1633
54257
1653
bottom
Triangle
54237
1613
54257
1633
top
Triangle
54256
1375
54296
1415
top
Triangle
54463
1632
54483
1652
bottom
Triangle
54463
1613
54483
1633
top
Triangle
54483
1632
54503
1652
bottom
Triangle
54483
1613
54503
1633
top
Triangle
54503
1632
54523
1652
bottom
Triangle
54503
1613
54523
1633
top
Triangle
54523
1632
54543
1652
bottom
Triangle
54523
1613
54543
1633
top
Triangle
54523
1484
54543
1504
bottom
Triangle
54523
1464
54543
1484
top
Triangle
54543
1484
54563
1504
bottom
Triangle
54543
1464
54563
1484
top
Triangle
54563
1484
54583
1504
bottom
Triangle
54563
1464
54583
1484
top
Triangle
54583
1484
54603
1504
bottom
Triangle
54583
1464
54603
1484
top
Triangle
54603
1484
54623
1504
bottom
Triangle
54603
1464
54623
1484
top
Triangle
54623
1484
54643
1504
bottom
Triangle
54623
1464
54643
1484
top
Triangle
54643
1484
54663
1504
bottom
Triangle
54643
1464
54663
1484
top
Triangle
54662
1502
54682
1522
left
Triangle
54662
1522
54682
1542
left
Triangle
54662
1542
54682
1562
left
Triangle
54662
1562
54682
1582
left
Triangle
54662
1582
54682
1602
left
Triangle
54662
1602
54682
1622
left
Triangle
54662
1622
54682
1642
left
Triangle
54663
1484
54683
1504
bottom
Triangle
54663
1464
54683
1484
top
Triangle
54682
1502
54702
1522
right
Triangle
54682
1522
54702
1542
right
Triangle
54682
1542
54702
1562
right
Triangle
54682
1562
54702
1582
right
Triangle
54682
1582
54702
1602
right
Triangle
54682
1602
54702
1622
right
Triangle
54682
1622
54702
1642
right
Triangle
54683
1484
54703
1504
bottom
Triangle
54683
1464
54703
1484
top
Triangle
55536
1521
55604
1782
left
Triangle
55603
1751
55644
1803
right
Triangle
55603
1699
55653
1751
right
Triangle
55603
1647
55662
1699
right
Triangle
55603
1595
55677
1647
right
Triangle
55603
1503
55656
1543
right
Triangle
55603
1543
55665
1595
right
Triangle
55661
1751
55736
1803
left
Triangle
55673
1699
55736
1751
left
Triangle
55674
1506
55735
1543
left
Triangle
55677
1647
55736
1699
left
Triangle
55680
1543
55736
1595
left
Triangle
55695
1596
55736
1647
left
Triangle
55733
1230
55787
1287
top
Triangle
55735
1506
55773
1803
right
Triangle
56678
1544
56699
1882
left
Triangle
56695
1854
56746
1899
right
Triangle
56696
1743
56744
1788
right
Triangle
56696
1633
56744
1678
right
Triangle
56696
1524
56744
1569
right
Triangle
56743
1801
56788
1846
left
Triangle
56743
1691
56788
1736
left
Triangle
56743
1580
56788
1625
left
Triangle
56783
1186
56828
1231
top
Triangle
56786
1601
56811
1833
right
Triangle
57377
1306
57422
1351
bottom
Triangle
57377
1374
57422
1419
top
Triangle
57377
1186
57422
1231
top
Triangle
57899
1195
57944
1240
top
Triangle
58104
1195
58149
1240
top
Triangle
59475
1802
59535
1862
top
Triangle
59476
1620
59491
1635
right
Triangle
59520
1620
59535
1635
left
Triangle
59707
1802
59767
1862
top
Triangle
59707
1620
59722
1635
right
Triangle
59752
1620
59767
1635
left
Triangle
59939
1620
59954
1635
right
Triangle
59983
1620
59998
1635
left
Triangle
60348
804
60388
844
top
Triangle
60349
1363
60389
1403
top
Triangle
60388
804
60428
844
top
Triangle
60390
1363
60430
1403
top
Triangle
60428
804
60468
844
top
Triangle
60430
1363
60470
1403
top
Triangle
60468
804
60508
844
top
Triangle
60470
1363
60510
1403
top
Triangle
60508
804
60548
844
top
Triangle
60510
1363
60550
1403
top
Triangle
60548
804
60588
844
top
Triangle
60550
1363
60590
1403
top
Triangle
60588
804
60628
844
top
Triangle
60590
1363
60630
1403
top
Triangle
60628
804
60668
844
top
Triangle
60630
1363
60670
1403
top
Triangle
60668
804
60708
844
top
Triangle
60670
1363
60710
1403
top
Triangle
60708
804
60748
844
top
Triangle
60710
1363
60750
1403
top
Triangle
60748
804
60788
844
top
Triangle
60750
1363
60790
1403
top
Triangle
60788
804
60828
844
top
Triangle
60790
1363
60830
1403
top
Triangle
60828
804
60868
844
top
Triangle
60830
1363
60870
1403
top
Triangle
60868
804
60908
844
top
Triangle
60870
1363
60910
1403
top
Triangle
60908
804
60948
844
top
Triangle
60910
1363
60950
1403
top
Triangle
60948
804
60988
844
top
Triangle
60950
1363
60990
1403
top
Triangle
60988
804
61028
844
top
Triangle
60990
1363
61030
1403
top
Triangle
61009
528
61049
568
left
Triangle
61009
568
61049
608
left
Triangle
61009
608
61049
648
left
Triangle
61009
648
61049
688
left
Triangle
61009
688
61049
728
left
Triangle
61009
728
61049
768
left
Triangle
61009
768
61049
808
left
Triangle
61028
804
61068
844
top
Triangle
61030
1363
61070
1403
top
Triangle
61841
1408
61876
1443
top
Triangle
62292
1408
62327
1443
top
Triangle
62570
1277
62640
1347
top
Triangle
62571
1559
62641
1629
bottom
Triangle
62740
1494
62810
1564
top
Triangle
62741
1421
62811
1491
bottom
Triangle
62890
1122
62960
1192
top
Triangle
62896
1699
62966
1769
bottom
Triangle
63080
1640
63150
1710
top
Triangle
63085
1248
63155
1318
bottom
Triangle
63295
1006
63320
1031
left
Triangle
63295
1031
63320
1056
left
Triangle
63295
1056
63320
1081
left
Triangle
63295
1081
63320
1106
left
Triangle
63295
1106
63320
1131
left
Triangle
63295
1131
63320
1156
left
Triangle
63295
1156
63320
1181
left
Triangle
63295
1181
63320
1206
left
Triangle
63295
1206
63320
1231
left
Triangle
63295
1231
63320
1256
left
Triangle
63295
1256
63320
1281
left
Triangle
63295
1281
63320
1306
left
Triangle
63295
1306
63320
1331
left
Triangle
63317
932
63387
1002
top
Triangle
63323
1700
63393
1770
bottom
Triangle
63462
1265
63529
1335
top
Triangle
63462
1398
63529
1472
bottom
Triangle
63463
1476
63530
1543
top
Triangle
64330
1221
64364
1338
left
Triangle
64588
1279
64621
1531
right
Triangle
65083
1238
65126
1415
left
Triangle
65152
1505
65186
1538
top
Triangle
65220
1505
65254
1538
top
Triangle
65288
1505
65322
1538
top
Triangle
65467
1123
65487
1155
left
Triangle
65525
1335
65542
1370
left
Triangle
65535
1123
65555
1155
right
Triangle
65627
1280
65667
1438
right
Triangle
66288
1261
66373
1340
right
Triangle
66392
1049
66469
1125
left
Triangle
66463
1364
66498
1381

Triangle
67270
1309
67320
1359
top
Triangle
67320
1309
67370
1359
top
Triangle
67370
1309
67420
1359
top
Triangle
67420
1309
67470
1359
top
Triangle
67470
1309
67520
1359
top
Triangle
67520
1309
67570
1359
top
Triangle
67570
1309
67620
1359
top
Triangle
67620
1309
67670
1359
top
Triangle
67670
1309
67720
1359
top
Triangle
67720
1309
67770
1359
top
Triangle
67792
112
67940
178
bottom
Triangle
67795
136
67828
179
right
Triangle
67795
179
67828
222
right
Triangle
67795
222
67828
265
right
Triangle
67795
265
67828
308
right
Triangle
67795
308
67828
351
right
Triangle
67795
351
67828
394
right
Triangle
67795
394
67828
437
right
Triangle
67795
437
67828
480
right
Triangle
67796
557
67851
600
bottom
Triangle
67796
477
67853
525
top
Triangle
67797
917
67849
958
bottom
Triangle
67797
849
67848
885
top
Triangle
67798
1208
67852
1244
top
Triangle
67799
1278
67852
1314
bottom
Triangle
67849
1243
67877
1281
right
Triangle
67849
883
67877
921
right
Triangle
67849
522
67877
560
right
Triangle
67852
1062
67880
1100
left
Triangle
67852
704
67880
742
left
Triangle
67880
1098
67937
1134
bottom
Triangle
67880
1026
67938
1065
top
Triangle
67880
665
67940
706
top
Triangle
67882
738
67937
778
bottom
Triangle
67938
241
68088
391
top
Triangle
68017
115
68167
265
bottom
Triangle
68071
1389
68111
1429
bottom
Triangle
68074
1473
68114
1513
top
Triangle
68090
1473
68130
1513
top
Triangle
68090
1389
68130
1429
bottom
Triangle
68098
241
68248
391
top
Triangle
68182
115
68332
265
bottom
Triangle
68240
1473
68291
1513
top
Triangle
68254
241
68380
391
top
Triangle
68282
1473
68333
1513
top
Triangle
68355
1055
68369
1106
left
Triangle
68358
696
68370
742
left
Triangle
68361
371
68379
389
top
Triangle
68367
1276
68427
1312
bottom
Triangle
68367
558
68425
613
bottom
Triangle
68367
474
68426
526
top
Triangle
68368
917
68426
966
bottom
Triangle
68368
1049
68388
1113
right
Triangle
68369
686
68385
754
right
Triangle
68371
1208
68425
1244
top
Triangle
68371
837
68428
885
top
Triangle
68393
295
68493
395
bottom
Triangle
68393
197
68493
297
top
Triangle
68395
115
68495
215
bottom
Triangle
68422
523
68450
561
right
Triangle
68424
1243
68452
1281
right
Triangle
68424
882
68452
920
right
Triangle
68428
1063
68456
1101
left
Triangle
68428
702
68456
740
left
Triangle
68453
1098
68508
1136
bottom
Triangle
68453
1022
68510
1066
top
Triangle
68454
737
68508
784
bottom
Triangle
68454
657
68509
705
top
Triangle
68483
1233
68507
1298
left
Triangle
68487
880
68507
937
left
Triangle
68490
513
68507
583
left
Triangle
68496
240
68646
390
top
Triangle
68497
372
68514
389
top
Triangle
68505
1242
68517
1288
right
Triangle
68506
891
68516
930
right
Triangle
68507
528
68517
571
right
Triangle
68578
113
68728
263
bottom
Triangle
68612
1473
68663
1513
top
Triangle
68655
240
68805
390
top
Triangle
68693
1473
68744
1513
top
Triangle
68735
1473
68786
1513
top
Triangle
68736
113
68886
263
bottom
Triangle
68777
1473
68828
1513
top
Triangle
68813
1473
68864
1513
top
Triangle
68814
240
68964
390
top
Triangle
68883
1056
68899
1100
left
Triangle
68883
1243
68905
1281
left
Triangle
68885
884
68899
921
left
Triangle
68895
835
68956
887
top
Triangle
68895
113
69045
263
bottom
Triangle
68896
915
68954
963
bottom
Triangle
68897
1277
68955
1320
bottom
Triangle
68898
1050
68916
1106
right
Triangle
68898
700
68926
733
right
Triangle
68898
733
68926
766
right
Triangle
68898
766
68926
799
right
Triangle
68898
799
68926
832
right
Triangle
68899
1208
68953
1244
top
Triangle
68902
658
68960
716
bottom
Triangle
68952
884
68980
922
right
Triangle
68952
1244
68980
1282
right
Triangle
68956
1061
68984
1099
left
Triangle
68960
658
69018
716
bottom
Triangle
68973
240
69123
390
top
Triangle
68982
1098
69039
1141
bottom
Triangle
68983
1021
69040
1064
top
Triangle
69012
1236
69038
1289
left
Triangle
69018
658
69076
716
bottom
Triangle
69024
890
69036
938
left
Triangle
69029
758
69075
792
left
Triangle
69035
891
69052
940
right
Triangle
69036
1244
69048
1282
right
Triangle
69037
1061
69052
1102
right
Triangle
69041
1473
69092
1513
top
Triangle
69054
113
69204
263
bottom
Triangle
69080
1473
69131
1513
top
Triangle
69119
1473
69170
1513
top
Triangle
69132
240
69282
390
top
Triangle
69136
658
69194
716
bottom
Triangle
69161
1473
69212
1513
top
Triangle
69203
1473
69254
1513
top
Triangle
69212
700
69270
758
top
Triangle
69213
113
69363
263
bottom
Triangle
69262
793
69287
809
bottom
Triangle
69284
658
69342
716
bottom
Triangle
69308
793
69333
809
bottom
Triangle
69360
700
69418
758
top
Triangle
69383
837
69408
857
bottom
Triangle
69383
817
69408
837
top
Triangle
69432
658
69490
716
bottom
Triangle
69508
700
69566
758
top
Triangle
69572
222
69610
255
left
Triangle
69580
658
69638
716
bottom
Triangle
69656
700
69714
758
top
Triangle
69728
658
69786
716
bottom
Triangle
69804
700
69862
758
top
Triangle
69876
658
69934
716
bottom
Triangle
69898
791
70062
862
bottom
Triangle
69920
1183
69985
1250
right
Triangle
69939
700
69997
758
top
Triangle
69963
118
70011
148
bottom
Triangle
69984
785
70076
950
left
Triangle
69994
658
70052
716
bottom
Triangle
70003
964
70068
1031
left
Triangle
70003
1390
70068
1457
left
Triangle
70072
700
70130
758
top
Triangle
70142
658
70200
716
bottom
Triangle
70220
700
70278
758
top
Triangle
70268
119
70312
148
bottom
Triangle
70290
658
70348
716
bottom
Triangle
70368
700
70426
758
top
Triangle
70438
658
70496
716
bottom
Triangle
70472
1805
70542
1875
bottom
Triangle
70486
700
70544
758
top
Triangle
70539
1173
70720
1222
top
Triangle
70546
804
70609
862
top
Triangle
70546
1008
70609
1066
top
Triangle
70592
116
70633
151
bottom
Triangle
70594
189
70634
226
top
Triangle
70608
861
70644
922
right
Triangle
70608
1063
70641
1124
right
Triangle
70625
969
70655
1030
left
Triangle
70654
912
70717
970
top
Triangle
70723
251
70925
336
bottom
Triangle
70745
546
70809
584
bottom
Triangle
70746
437
70809
473
top
Triangle
70774
117
70930
167
bottom
Triangle
70779
178
70924
224
top
Triangle
70807
470
70828
552
right
Triangle
70826
256
70927
432
left
Triangle
70828
700
70902
757
top
Triangle
70848
608
70866
701
left
Triangle
70857
119
70926
227
left
Triangle
70862
565
70927
612
top
Triangle
71053
1765
71122
1835
bottom
Gravitation
34732
1520
35361
1905
Gravitation
36072
1433
36731
1915
Gravitation
39728
1502
43246
1625
Gravitation
45565
1665
48344
1926
Gravitation
52775
1305
52925
1455
Gravitation
52775
1656
52925
1806
Gravitation
52775
1481
52925
1631
Gravitation
52988
1305
53138
1455
Gravitation
52989
1482
53139
1632
Gravitation
52990
1656
53140
1806
Gravitation
53205
1305
53355
1455
Gravitation
53205
1482
53355
1632
Gravitation
53205
1656
53355
1806
Gravitation
53650
1483
53800
1633
Gravitation
54087
1483
54237
1633
Gravitation
54533
1483
54683
1633
Gravitation
62654
1629
62810
1871
Gravitation
62809
1192
62962
1421
Gravitation
62994
1639
63117
1927
Gravitation
63203
1179
63388
1473
Gravitation
66190
1062
66527
1364
Gravitation
67936
90
68341
407
Gravitation
68341
89
68538
1391
Gravitation
68538
90
69444
412
Gravitation
68871
623
69068
1391
Gravitation
69880
891
70105
1529
Trampoline
7114
1755
7213
1819
Trampoline
17902
1645
18684
1683
Trampoline
17908
1803
18189
1866
Trampoline
18237
1802
18392
1866
Trampoline
18449
1802
18624
1865
Trampoline
18673
1801
18855
1865
Trampoline
18965
1872
19823
1906
Trampoline
19107
1598
19706
1637
Trampoline
27384
1553
27526
1694
Trampoline
41863
1771
43240
1915
Trampoline
45013
1771
45155
1820
Trampoline
59934
1316
59989
1371
Trampoline
60029
955
60084
1010
Trampoline
65403
1256
65566
1309
Trampoline
65408
1041
65499
1083
Trampoline
65426
1538
65630
1614
Trampoline
65524
1041
65607
1083
Moving Rect
20805
1875
21067
1910
21235
1570
300
Moving Rect
21635
1875
21897
1910
21235
1570
300
Moving Rect
22235
1875
22385
1910
22255
1650
20
Moving Rect
22635
1650
22835
1685
22310
1650
300
Moving Rect
23235
1800
23385
1835
23246
1501
19
Moving Rect
23721
1700
23981
1740
24353
1700
200
Moving Rect
24745
1590
25005
1630
24315
1590
200
Moving Rect
24835
1660
25095
1700
25265
1660
200
Moving Rect
25665
1590
25925
1630
25235
1590
200
Moving Rect
26185
1671
26535
1711
27505
1671
200
Moving Rect
28013
1667
28056
1714
28185
1667
500
Moving Rect
28404
1611
28445
1653
28304
1811
300
Moving Rect
28522
1632
28547
1797
28776
1632
350
Moving Rect
29030
1667
29089
1728
29030
1607
200
Moving Rect
29088
1667
29157
1728
29088
1607
220
Moving Rect
29146
1667
29215
1728
29146
1607
240
Moving Rect
29204
1667
29273
1728
29204
1607
260
Moving Rect
29262
1667
29331
1728
29262
1607
280
Moving Rect
29320
1667
29389
1728
29320
1607
300
Moving Rect
29378
1667
29447
1728
29378
1607
320
Moving Rect
29436
1667
29505
1728
29436
1607
340
Moving Rect
29494
1667
29563
1728
29494
1607
360
Moving Rect
29552
1667
29621
1728
29552
1607
380
Moving Rect
29610
1667
29679
1728
29610
1607
400
Moving Rect
30105
1667
30375
1729
30105
1605
200
Moving Rect
30375
1605
30645
1667
30375
1667
200
Moving Rect
30645
1667
30915
1729
30645
1605
300
Moving Rect
30915
1605
31185
1667
30915
1667
300
Moving Rect
31558
1635
31591
1667
31558
1667
200
Moving Rect
31591
1635
31624
1667
31591
1667
220
Moving Rect
31624
1635
31657
1667
31624
1667
240
Moving Rect
31657
1635
31690
1667
31657
1667
260
Moving Rect
31690
1635
31723
1667
31690
1667
280
Moving Rect
31723
1635
31756
1667
31723
1667
300
Moving Rect
31756
1635
31789
1667
31756
1667
320
Moving Rect
31789
1635
31822
1667
31789
1667
340
Moving Rect
31822
1635
31855
1667
31822
1667
360
Moving Rect
31855
1635
31888
1667
31855
1667
380
Moving Rect
31888
1635
31921
1667
31888
1667
400
Moving Rect
31921
1635
31954
1667
31921
1667
420
Moving Rect
31954
1635
31987
1667
31954
1667
440
Moving Rect
31987
1635
32020
1667
31987
1667
420
Moving Rect
32020
1635
32053
1667
32020
1667
400
Moving Rect
32053
1635
32086
1667
32053
1667
380
Moving Rect
35535
1510
35797
1560
36666
1510
250
Moving Rect
40208
1773
40298
1797
40408
1773
200
Moving Rect
40408
1773
40498
1797
40608
1773
200
Moving Rect
40608
1773
40698
1788
40808
1773
200
Moving Rect
40808
1773
40898
1793
41008
1773
200
Moving Rect
40882
1831
41032
1861
40682
1831
200
Moving Rect
41008
1773
41098
1793
41208
1773
200
Moving Rect
41082
1831
41232
1861
40882
1831
200
Moving Rect
41208
1773
41298
1793
41408
1773
200
Moving Rect
41282
1831
41432
1861
41082
1831
200
Moving Rect
41408
1773
41498
1793
41608
1773
200
Moving Rect
41482
1831
41632
1861
41282
1831
200
Moving Rect
42220
1631
42319
1662
42075
1631
200
Moving Rect
42594
1631
42674
1663
42695
1631
200
Moving Rect
42875
1631
42957
1663
42745
1631
200
Moving Rect
50750
1383
52250
1736
50750
1133
200
Moving Rect
60290
1571
60457
1605
60985
1571
90
Moving Rect
64113
1410
64156
1498
64113
1366
200
Moving Rect
64384
1257
64454
1292
64314
1257
200
Moving Rect
64557
1396
64627
1431
64487
1396
200
Moving Rect
64654
1095
64691
1218
64654
1218
700
Moving Rect
64726
1095
64763
1218
64726
1218
700
Moving Rect
64801
957
64838
1059
64801
1059
500
Moving Rect
64801
1151
64838
1218
64801
1253
500
Moving Rect
64873
1151
64910
1218
64873
1253
500
Moving Rect
64873
957
64910
1059
64873
1059
500
Moving Rect
64946
1095
64983
1218
64946
1218
700
Moving Rect
65021
1095
65058
1218
65021
1218
700
Moving Rect
65049
1275
65151
1310
65151
1275
200
Moving Rect
65222
1275
65324
1310
65324
1275
200
Moving Rect
65695
986
65804
1026
66095
986
400
Moving Rect
66072
924
66175
957
65672
924
400
Moving Rect
68650
1514
68704
1664
68650
1364
600
Moving Rect
68650
1102
68705
1250
68650
1252
600
Moving Rect
69129
793
69160
828
69129
758
200
Moving Rect
69129
854
69160
889
69129
889
200
Moving Rect
69230
854
69261
889
69230
889
200
Moving Rect
69231
793
69262
828
69231
758
200
Moving Rect
69331
854
69362
889
69331
889
200
Moving Rect
69332
793
69363
828
69332
758
200
Moving Rect
69432
854
69463
889
69432
889
200
Moving Rect
69433
793
69464
828
69433
758
200
Moving Rect
69533
854
69564
889
69533
889
200
Moving Rect
69534
793
69565
828
69534
758
200
Moving Rect
69735
854
69766
889
69735
889
200
Moving Rect
69736
793
69767
828
69736
758
200
Save Rect
92
1744
282
1770
Save Rect
980
1744
1109
1770
Save Rect
1756
1743
1966
1770
Save Rect
2824
1743
3030
1770
Save Rect
4475
1707
4769
1769
Save Rect
6051
1743
6148
1770
Save Rect
6984
1741
7124
1770
Save Rect
7641
1760
7723
1842
Save Rect
9077
1770
9167
1794
Save Rect
10922
1784
11216
1846
Save Rect
12598
1907
12980
1969
Save Rect
14690
1907
15087
1969
Save Rect
16188
1907
16494
1969
Save Rect
17533
1907
17718
1969
Save Rect
18673
1784
18750
1804
Save Rect
19774
1872
19869
1906
Save Rect
20556
1851
20741
1896
Save Rect
21968
1874
22153
1909
Save Rect
22944
1722
23073
1751
Save Rect
23436
1700
23722
1740
Save Rect
25943
1671
26122
1712
Save Rect
27800
1667
27902
1729
Save Rect
28861
1667
28963
1729
Save Rect
29697
1667
30069
1729
Save Rect
31186
1667
31558
1729
Save Rect
33216
1667
33588
1729
Save Rect
34531
1704
34732
1735
Save Rect
35388
1624
35513
1660
Save Rect
36791
1739
36967
1771
Save Rect
37550
1739
37683
1771
Save Rect
38531
1708
38649
1915
Save Rect
39553
1844
39755
1915
Save Rect
43204
1771
43347
1915
Save Rect
43983
1771
44048
1820
Save Rect
44828
1771
45033
1820
Save Rect
45401
1770
45567
1821
Save Rect
48344
1665
48495
1735
Save Rect
52481
1665
52691
1735
Save Rect
53438
1626
53582
1656
Save Rect
55407
1578
55505
1671
Save Rect
55782
1896
56011
1972
Save Rect
56463
1523
56634
1561
Save Rect
57460
1463
57515
1518
Save Rect
58163
1570
58325
1599
Save Rect
59189
1523
59309
1562
Save Rect
59911
1859
60028
1882
Save Rect
61165
1442
61510
1478
Save Rect
62294
1442
62509
1477
Save Rect
63555
1538
63633
1614
Save Rect
66557
1511
67107
1576
Save Rect
71178
1736
71460
1806
Yellow Rect
56070
1812
56130
1872
Yellow Rect
56146
1751
56206
1811
Yellow Rect
56223
1689
56283
1749
Yellow Rect
56304
1629
56364
1689
Yellow Rect
56381
1570
56441
1630
Yellow Rect
56827
1470
56882
1525
Yellow Rect
56827
1627
56882
1682
Yellow Rect
56827
1793
56882
1848
Yellow Rect
56882
1627
56937
1682
Yellow Rect
56882
1470
56937
1525
Yellow Rect
56882
1793
56937
1848
Yellow Rect
56891
1547
56931
1587
Yellow Rect
56891
1587
56931
1627
Yellow Rect
56931
1547
56971
1587
Yellow Rect
56931
1587
56971
1627
Yellow Rect
56937
1627
56992
1682
Yellow Rect
56937
1470
56992
1525
Yellow Rect
56937
1793
56992
1848
Yellow Rect
56992
1627
57047
1682
Yellow Rect
56992
1470
57047
1525
Yellow Rect
56992
1793
57047
1848
Yellow Rect
57047
1627
57102
1682
Yellow Rect
57047
1470
57102
1525
Yellow Rect
57047
1793
57102
1848
Yellow Rect
57102
1627
57157
1682
Yellow Rect
57102
1470
57157
1525
Yellow Rect
57102
1793
57157
1848
Yellow Rect
57157
1627
57212
1682
Yellow Rect
57157
1470
57212
1525
Yellow Rect
57157
1793
57212
1848
Yellow Rect
57166
1684
57221
1739
Yellow Rect
57166
1739
57221
1794
Yellow Rect
57212
1627
57267
1682
Yellow Rect
57212
1470
57267
1525
Yellow Rect
57212
1793
57267
1848
Yellow Rect
57221
1684
57276
1739
Yellow Rect
57221
1739
57276
1794
Yellow Rect
57267
1627
57322
1682
Yellow Rect
57267
1470
57322
1525
Yellow Rect
57267
1793
57322
1848
Yellow Rect
57322
1627
57377
1682
Yellow Rect
57322
1470
57377
1525
Yellow Rect
57322
1793
57377
1848
Yellow Rect
57515
1463
57570
1518
Yellow Rect
57570
1463
57625
1518
Yellow Rect
57625
1463
57680
1518
Yellow Rect
57680
1463
57735
1518
Yellow Rect
57735
1463
57790
1518
Yellow Rect
57790
1463
57845
1518
Yellow Rect
57845
1463
57900
1518
Yellow Rect
57942
1271
57997
1326
Yellow Rect
57942
1488
57997
1543
Yellow Rect
57943
1702
57998
1757
Yellow Rect
58050
1600
58105
1655
Yellow Rect
58051
1379
58106
1434
Yellow Rect
58402
1493
58479
1536
Yellow Rect
58553
1513
58582
1549
Yellow Rect
58667
1453
58692
1495
Yellow Rect
58774
1511
58847
1536
Yellow Rect
58923
1461
58982
1486
Yellow Rect
59026
1522
59082
1559
Yellow Rect
60400
720
60455
775
Yellow Rect
60480
720
60535
775
Yellow Rect
60560
720
60615
775
Yellow Rect
60635
720
60690
775
Yellow Rect
60715
720
60770
775
Yellow Rect
60795
720
60850
775
Yellow Rect
60875
720
60930
775
Yellow Rect
60955
720
61010
775
Yellow Rect
61900
1597
62260
1683
Yellow Rect
66294
1062
66378
1111
Yellow Rect
66391
1277
66464
1325
Yellow Rect
69741
197
69936
385
Yellow Rect
69878
1592
69948
1662
Yellow Rect
69922
964
69983
1030
Yellow Rect
69924
1390
69985
1456
Yellow Rect
69957
1664
70027
1734
Yellow Rect
70001
1183
70062
1249
Yellow Rect
70033
1736
70103
1806
Yellow Rect
70041
197
70236
385
Yellow Rect
70112
1805
70182
1875
Yellow Rect
70202
1805
70272
1875
Yellow Rect
70292
1805
70362
1875
Yellow Rect
70341
197
70536
385
Yellow Rect
70382
1805
70452
1875
Yellow Rect
70472
1806
70542
1876
Yellow Rect
70545
755
70714
806
Yellow Rect
70562
1805
70632
1875
Yellow Rect
70652
1805
70722
1875
Yellow Rect
70742
1805
70812
1875
Yellow Rect
70832
1805
70902
1875
Yellow Rect
71053
1766
71123
1836
Acid Rect
58340
1070
59153
1870
Acid Rect
60349
527
61049
1620
Acid Rect
65598
897
66191
1041
Acid Rect
67270
1355
68132
1549
Moving Triangle
32220
1667
32253
1700
32220
1634
200
top
Moving Triangle
32253
1667
32286
1700
32253
1634
220
top
Moving Triangle
32286
1667
32319
1700
32286
1634
240
top
Moving Triangle
32319
1667
32352
1700
32319
1634
260
top
Moving Triangle
32352
1667
32385
1700
32352
1634
280
top
Moving Triangle
32385
1667
32418
1700
32385
1634
300
top
Moving Triangle
32418
1667
32451
1700
32418
1634
320
top
Moving Triangle
32451
1667
32484
1700
32451
1634
340
top
Moving Triangle
32484
1667
32517
1700
32484
1634
360
top
Moving Triangle
32517
1667
32550
1700
32517
1634
380
top
Moving Triangle
32550
1667
32583
1700
32550
1634
400
top
Moving Triangle
32583
1667
32616
1700
32583
1634
380
top
Moving Triangle
32616
1667
32649
1700
32616
1634
360
top
Moving Triangle
32649
1667
32682
1700
32649
1634
340
top
Moving Triangle
32682
1667
32715
1700
32682
1634
320
top
Moving Triangle
32715
1667
32748
1700
32715
1634
300
top
Moving Triangle
32748
1667
32781
1700
32748
1634
280
top
Moving Triangle
32781
1667
32814
1700
32781
1634
260
top
Moving Triangle
32814
1667
32847
1700
32814
1634
240
top
Moving Triangle
32847
1667
32880
1700
32847
1634
220
top
Moving Triangle
32880
1667
32913
1700
32880
1634
200
top
Moving Triangle
32913
1667
32946
1700
32913
1634
220
top
Moving Triangle
32946
1667
32979
1700
32946
1634
240
top
Moving Triangle
32979
1667
33012
1700
32979
1634
260
top
Moving Triangle
33012
1667
33045
1700
33012
1634
280
top
Moving Triangle
33045
1667
33078
1700
33045
1634
300
top
Moving Triangle
33078
1667
33111
1700
33078
1634
320
top
Moving Triangle
33111
1667
33144
1700
33111
1634
340
top
Moving Triangle
33144
1667
33177
1700
33144
1634
360
top
Moving Triangle
33177
1667
33210
1700
33177
1634
380
top
Moving Triangle
33670
1599
33715
1646
33670
1552
200
top
Moving Triangle
33780
1523
33825
1570
33780
1476
200
top
Moving Triangle
33923
1523
33968
1570
33923
1476
200
top
Moving Triangle
33931
1291
33976
1339
33931
1243
200
top
Moving Triangle
34037
1434
34083
1482
34037
1386
200
top
Moving Triangle
34145
1291
34190
1338
34145
1244
200
top
Moving Triangle
34324
1434
34370
1482
34324
1386
200
top
Moving Triangle
34326
1291
34371
1338
34326
1244
200
top
Moving Triangle
38862
1643
38956
1873
38956
1501
250
bottom
Moving Triangle
39079
1643
39176
1883
39220
1501
250
bottom
Moving Triangle
39312
1643
39406
1884
39462
1550
250
bottom
Moving Triangle
48750
1576
50250
1661
48750
1326
200
bottom
Moving Triangle
64113
1366
64155
1410
64113
1322
200
top
Moving Triangle
64113
1497
64155
1541
64113
1453
200
bottom
Moving Triangle
64410
1291
64454
1328
64340
1291
200
bottom
Moving Triangle
64454
1256
64488
1291
64384
1256
200
right
Moving Triangle
64523
1396
64557
1431
64453
1396
200
left
Moving Triangle
64557
1431
64600
1466
64487
1431
200
bottom
Moving Triangle
64654
1059
64690
1095
64654
1182
700
top
Moving Triangle
64726
1059
64762
1095
64726
1182
700
top
Moving Triangle
64801
1115
64837
1151
64801
1217
500
top
Moving Triangle
64801
1059
64837
1095
64801
1161
500
bottom
Moving Triangle
64873
1115
64909
1151
64873
1217
500
top
Moving Triangle
64873
1059
64909
1095
64873
1161
500
bottom
Moving Triangle
64945
1059
64981
1095
64945
1182
700
top
Moving Triangle
65021
1059
65057
1095
65021
1182
700
top
Moving Triangle
65151
1275
65175
1310
65253
1275
200
right
Moving Triangle
65198
1275
65222
1310
65300
1275
200
left
Moving Triangle
65666
986
65695
1026
66066
986
400
left
Moving Triangle
65804
986
65833
1026
66204
986
400
right
Moving Triangle
66050
924
66072
957
65650
924
400
left
Moving Triangle
66174
924
66196
957
65774
924
400
right
Moving Triangle
68650
1472
68703
1514
68650
1322
600
top
Moving Triangle
68650
1250
68704
1286
68650
1400
600
bottom
Moving Triangle
69129
827
69160
854
69129
862
200
top
Moving Triangle
69129
827
69160
854
69129
792
200
bottom
Moving Triangle
69230
827
69261
854
69230
792
200
bottom
Moving Triangle
69230
827
69261
854
69230
862
200
top
Moving Triangle
69331
827
69362
854
69331
792
200
bottom
Moving Triangle
69331
827
69362
854
69331
862
200
top
Moving Triangle
69432
827
69463
854
69432
792
200
bottom
Moving Triangle
69432
827
69463
854
69432
862
200
top
Moving Triangle
69533
827
69564
854
69533
792
200
bottom
Moving Triangle
69533
827
69564
854
69533
862
200
top
Moving Triangle
69735
827
69766
854
69735
792
200
bottom
Moving Triangle
69735
827
69766
854
69735
862
200
top